,v_max_1,Ka1_1,Ka2_1,Ka3_1,K_g6p_1,Ks_g6p_pgi,Kp_f6p_pgi,kcat_f_2,Ks_f6p_3,Ks_atp_3,Kp_fbp_3,Kp_adp_3,kcat_f_3,Ks_fbp_4,Kp_g3p_4,Kp_dhap_4,kcat_f_4,kcat_f_5,Ks_dhap_5,Kp_g3p_5,kcat_f_6,Ks_g3p_6,Ks_pi_6,Ks_nad_6,Kp_pgp_6,Kp_nadh_6,kcat_f_7,Ks_pgp_7,Ks_adp_7,Ks_3pg_7,Ks_atp_7,kcat_f_8,Ks_3pg_8,Ks_2pg_8,kcat_f_9,Ks_2pg_9,Ks_pep_9
v_max_1,36313.49387909823,-31774.189959618907,-31.203858127866525,-4107.535755506618,0.03658830178084839,10.393312689507624,-1.2611935144830593,-10.632305570675504,209.29817268491215,209.29817268491206,-203.22943024928168,-203.2294302492811,-254.65844900209893,-34.567864087649845,-1.6235977641574457,-1.6235977641580297,121.127150641957,-0.043442295050240415,-0.013690823645382535,-0.034047608324799396,-0.39697995356875015,-0.021892634088008463,-0.021892634087882036,-0.021892634087944993,-4.516698813016161e-07,-4.516698813021277e-07,13911.467134921271,-13783.769193206243,-13783.769193206763,108.13311208986406,108.1331120898665,383.46437841954446,-347.95751832143617,5.7413505691429485,2447.3691653122924,-2364.910792527415,22.496327308005768
Ka1_1,-31774.189959618907,27804.68659125446,27.32525982962676,3591.702640219563,-0.03201464598035994,-9.090605902222608,1.1031890973149692,9.299641255183138,-183.02525706214757,-183.02525706214746,177.71831563025677,177.71831563025626,222.69362845695693,29.97834497917164,1.4415683479141552,1.4415683479146575,-105.12549680766503,0.04224658646046641,0.009315213650701735,0.030719266938268402,0.36104196483047196,0.018286126887292198,0.01828612688718084,0.018286126887234133,4.0887035107493567e-07,4.088703510753829e-07,-12179.801251824018,12067.987599310258,12067.987599310714,-94.54477009881518,-94.5447700988173,-337.31957865070507,306.12144397938096,-5.055173106747283,-2141.1357066584587,2068.9998716685923,-19.679880597469324
Ka2_1,-31.203858127866525,27.32525982962676,0.0272329819308423,3.5047546831527296,-3.14399984518941e-05,-0.00912163764813377,0.001106400950262362,0.009331401065007816,-0.1826975822374927,-0.18269758223749274,0.1774001419376218,0.17740014193762138,0.2222728370133902,0.028445737712969887,0.00152469061099113,0.0015246906109915132,-0.10012614880963039,5.106400938204398e-05,3.3483723967825367e-06,3.239853938089801e-05,0.0003914441276445812,1.5932922326380058e-05,1.593292232627078e-05,1.5932922326325282e-05,4.3869177892079393e-10,4.386917789213433e-10,-11.753500099774381,11.645536964626642,11.645536964627048,-0.09089164881373994,-0.09089164881374183,-0.35604324680559124,0.3233970973513203,-0.005390428746452581,-2.125770547745504,2.0542059494012452,-0.01949858775555516
Ka3_1,-4107.535755506618,3591.702640219563,3.5047546831527296,467.0355271793616,-0.004138620159515593,-1.176137626028233,0.14266021944207713,1.2031843320990572,-23.732622864536047,-23.732622864536033,23.044479372136355,23.044479372136287,28.87448829100164,4.163556308086315,0.16329090312418437,0.16329090312425998,-14.512096850356585,0.0009561067589689124,0.004034005101217548,0.0029814554295783577,0.03203849275629262,0.00328806335126021,0.003288063351246556,0.0032880633512552796,3.82416618448468e-08,3.8241661844903745e-08,-1568.9424644914684,1554.5515891631387,1554.5515891632006,-12.316613141981382,-12.316613141981671,-41.445121040665,37.57132389075718,-0.6155733041291711,-276.8126827435874,267.4811961650996,-2.5463823227444884
K_g6p_1,0.03658830178084839,-0.03201464598035994,-3.14399984518941e-05,-0.004138620159515593,3.686518933329994e-08,1.04719664352561e-05,-1.2707378840610755e-06,-1.071276794907652e-05,0.00021088208702943652,0.00021088208702943646,-0.00020476741792338287,-0.00020476741792338227,-0.0002565856382783805,-3.482947946936766e-05,-1.6358839538507739e-06,-1.6358839538513628e-06,0.00012204385767773258,-4.377093314442296e-08,-1.3794509758414293e-08,-3.4305245542725353e-08,-3.999837485575693e-07,-2.2058340631803686e-08,-2.205834063167629e-08,-2.2058340631739745e-08,-4.550875561743148e-13,-4.550875561748302e-13,0.014016745866620677,-0.013888081537105228,-0.013888081537105757,0.00010895143723416636,0.00010895143723416885,0.000386366264615342,-0.0003505907041300396,5.784798467939097e-06,0.0024658899308120843,-0.002382807544109269,2.2666571019600113e-05
Ks_g6p_pgi,10.393312689507624,-9.090605902222608,-0.00912163764813377,-1.176137626028233,1.04719664352561e-05,53.524809219406464,-6.651518897703838,-54.751510556060104,109.88824427978872,109.88824427978872,-106.70196013432908,-106.70196013432911,-133.47103323932495,-45.59507359619939,-0.3029166644145352,-0.3029166644145414,155.36951253694286,0.1181869692169096,-0.0990303249053026,0.011162902028081002,0.15221833547667366,-0.03700838836259253,-0.037008388362597955,-0.037008388362581246,1.204982071774025e-07,1.2049820717738467e-07,1739.3869450451637,-1723.4718134338234,-1723.4718134338234,13.959795830068765,13.959795830068765,4.094948215526093,-3.4324596163068843,0.04590391881094038,1.1727766964006685,-1.137276800736684,0.009433837170590672
Kp_f6p_pgi,-1.2611935144830593,1.1031890973149692,0.001106400950262362,0.14266021944207713,-1.2707378840610755e-06,-6.651518897703838,0.8278647433673617,6.8039273223295105,-13.244684548506175,-13.244684548506175,12.860645940187688,12.860645940187684,16.089389088301694,5.935012614503984,0.032112280491487344,0.03211228049148805,-20.20661327484339,-0.015274878679269887,0.01268774351436015,-0.001509204504444295,-0.02097159893950236,0.004736707942533524,0.004736707942534066,0.004736707942532097,-1.7020287905970233e-08,-1.702028790596783e-08,-210.9751341398166,209.04721914000262,209.04721914000254,-1.6845653198772161,-1.684565319877216,-0.4853214018933774,0.4071801420962169,-0.0054540713713692335,-0.14177134557572327,0.13747837161901827,-0.0011409458999083876
kcat_f_2,-10.632305570675504,9.299641255183138,0.009331401065007816,1.2031843320990572,-1.071276794907652e-05,-54.751510556060104,6.8039273223295105,56.00632676457589,-112.41746255761919,-112.41746255761917,109.15784201342576,109.15784201342574,136.54297927198192,46.63300053116265,0.31000377253871225,0.3100037725387182,-158.90680446797913,-0.12088023872600094,0.10128996067298136,-0.011415544936315672,-0.1556531393481171,0.03785295708096421,0.03785295708096976,0.03785295708095266,-1.2320628490001266e-07,-1.2320628489999434e-07,-1779.386372921777,1763.10518769995,1763.1051876999493,-14.281045766407717,-14.281045766407715,-4.18941425253633,3.511632942963601,-0.046962514889079,-1.199758707371235,1.1634421083762112,-0.009650866968966882
Ks_f6p_3,209.29817268491215,-183.02525706214757,-0.1826975822374927,-23.732622864536047,0.00021088208702943652,109.88824427978872,-13.244684548506175,-112.41746255761919,2194.441794013337,2194.441794013337,-2130.812466265089,-2130.812466265089,-2667.286503688082,-881.352937937843,-1.3830423611139,-1.3830423611140379,2992.5967104443007,3.409813025478252,-2.7305006762037163,0.39767986580304937,5.835043912519942,-1.0162292477917139,-1.0162292477917676,-1.0162292477913308,5.084193497249198e-06,5.0841934972484805e-06,35056.68580660803,-34738.49301918698,-34738.49301918698,274.709009487326,274.70900948732606,73.7275023662828,-62.09362612984924,0.8362335246273401,23.733399620742595,-23.01414116374368,0.1909536658716681
Ks_atp_3,209.29817268491206,-183.02525706214746,-0.18269758223749274,-23.732622864536033,0.00021088208702943646,109.88824427978872,-13.244684548506175,-112.41746255761917,2194.441794013337,2194.4417940133367,-2130.8124662650885,-2130.8124662650885,-2667.2865036880826,-881.3529379378424,-1.3830423611138978,-1.3830423611140379,2992.596710444298,3.4098130254782575,-2.7305006762037194,0.39767986580305004,5.8350439125199465,-1.0162292477917145,-1.016229247791769,-1.016229247791332,5.084193497249201e-06,5.084193497248485e-06,35056.68580660806,-34738.49301918701,-34738.493019187,274.70900948732617,274.7090094873261,73.72750236628286,-62.09362612984927,0.8362335246273412,23.733399620742585,-23.01414116374367,0.1909536658716679
Kp_fbp_3,-203.22943024928168,177.71831563025677,0.1774001419376218,23.044479372136355,-0.00020476741792338287,-106.70196013432908,12.860645940187688,109.15784201342576,-2130.812466265089,-2130.8124662650885,2069.0281140184643,2069.028114018464,2589.9467229663896,855.7975103715835,1.3429401235118736,1.342940123512009,-2905.824334539644,-3.310943180197111,2.6513279540711183,-0.38614886787517416,-5.665852849120608,0.9867629903848076,0.9867629903848604,0.986762990384436,-4.936773851599357e-06,-4.936773851598661e-06,-34040.19343101264,33731.22685920936,33731.226859209346,-266.7436354945337,-266.74363549453363,-71.58972345362196,60.29317934525879,-0.8119863666593545,-23.045233605350866,22.346830535046344,-0.18541683484158986
Kp_adp_3,-203.2294302492811,177.71831563025626,0.17740014193762138,23.044479372136287,-0.00020476741792338227,-106.70196013432911,12.860645940187684,109.15784201342574,-2130.812466265089,-2130.8124662650885,2069.028114018464,2069.028114018464,2589.9467229663896,855.797510371581,1.3429401235119014,1.342940123512038,-2905.8243345396354,-3.310943180197105,2.651327954071114,-0.3861488678751735,-5.665852849120594,0.986762990384806,0.9867629903848584,0.986762990384434,-4.936773851599344e-06,-4.936773851598651e-06,-34040.19343101261,33731.22685920934,33731.22685920933,-266.7436354945335,-266.7436354945335,-71.58972345362197,60.2931793452588,-0.8119863666593545,-23.045233605350838,22.346830535046312,-0.1854168348415895
kcat_f_3,-254.65844900209893,222.69362845695693,0.2222728370133902,28.87448829100164,-0.0002565856382783805,-133.47103323932495,16.089389088301694,136.54297927198192,-2667.286503688082,-2667.2865036880826,2589.9467229663896,2589.9467229663896,3242.109157935239,1082.0035035676628,1.4840701224941757,1.4840701224943467,-3673.3858011124207,-4.19063368836501,3.352351437137653,-0.49078452036327624,-7.210550373375991,1.2474986019929495,1.2474986019930119,1.2474986019924799,-6.292300732149587e-06,-6.292300732148705e-06,-42651.53852148837,42264.51883951089,42264.51883951089,-333.90877862632846,-333.9087786263284,-89.28661225439686,75.21295897054462,-1.0132529019627108,-28.861420781282277,27.986706397716105,-0.2322273639543895
Ks_fbp_4,-34.567864087649845,29.97834497917164,0.028445737712969887,4.163556308086315,-3.482947946936766e-05,-45.59507359619939,5.935012614503984,46.63300053116265,-881.352937937843,-881.3529379378424,855.7975103715835,855.797510371581,1082.0035035676628,183386.8456555034,-90.57086354618826,-90.5708635461884,-621777.420055391,-31.012629181980135,24.06768131827227,-4.083076019488607,-58.11423086600298,7.502335252273555,7.502335252241751,7.5023352523028715,-5.3764592672060824e-05,-5.37645926720691e-05,-5687.88190251663,5692.897000611491,5692.897000611502,-35.91993942966914,-35.91993942966907,-5.351756182230754,5.431617813422683,-0.08467884916366658,-6.040976941883722,5.870147573923139,-0.044227910499184286
Kp_g3p_4,-1.6235977641574457,1.4415683479141552,0.00152469061099113,0.16329090312418437,-1.6358839538507739e-06,-0.3029166644145352,0.032112280491487344,0.31000377253871225,-1.3830423611139,-1.3830423611138978,1.3429401235118736,1.3429401235119014,1.4840701224941757,-90.57086354618826,2.1157103511811637,2.115710351181167,302.1294704757816,0.5098745250930302,-0.36029035993454256,0.08815290632179748,1.2723820486658528,-0.12281099143624478,-0.12281099143624093,-0.12281099143622715,1.2230815238359019e-06,1.2230815238356981e-06,-223.29397798029348,220.06010435595863,220.06010435595826,-1.6846080325659851,-1.6846080325659856,-0.0793993241249243,0.03823714244573005,-0.00026022504916312886,-0.059422123060042895,0.05642215629358342,-0.0008980079120993148
Kp_dhap_4,-1.6235977641580297,1.4415683479146575,0.0015246906109915132,0.16329090312425998,-1.6358839538513628e-06,-0.3029166644145414,0.03211228049148805,0.3100037725387182,-1.3830423611140379,-1.3830423611140379,1.342940123512009,1.342940123512038,1.4840701224943467,-90.5708635461884,2.115710351181167,2.11571035118117,302.12947047578206,0.5098745250930306,-0.36029035993454284,0.08815290632179747,1.2723820486658524,-0.12281099143624483,-0.12281099143624097,-0.1228109914362272,1.2230815238359014e-06,1.2230815238356977e-06,-223.29397798029663,220.06010435596176,220.06010435596144,-1.684608032566012,-1.6846080325660115,-0.07939932412493753,0.03823714244574172,-0.00026022504916329203,-0.05942212306008299,0.05642215629362219,-0.0008980079120996913
kcat_f_4,121.127150641957,-105.12549680766503,-0.10012614880963039,-14.512096850356585,0.00012204385767773258,155.36951253694286,-20.20661327484339,-158.90680446797913,2992.5967104443007,2992.596710444298,-2905.824334539644,-2905.8243345396354,-3673.3858011124207,-621777.420055391,302.1294704757816,302.12947047578206,2108162.835831922,103.9662109443957,-80.76875971821269,13.637752444991172,194.0631483179976,-25.151978031905536,-25.151978031797668,-25.151978032005005,0.000179428372427929,0.00017942837242795754,19825.66863843023,-19834.943903576244,-19834.943903576277,125.85890954113384,125.85890954113356,18.341476459190996,-18.51389575509568,0.28782803366150933,20.631329853949445,-20.044752057280007,0.15215577937041125
kcat_f_5,-0.043442295050240415,0.04224658646046641,5.106400938204398e-05,0.0009561067589689124,-4.377093314442296e-08,0.1181869692169096,-0.015274878679269887,-0.12088023872600094,3.409813025478252,3.4098130254782575,-3.310943180197111,-3.310943180197105,-4.19063368836501,-31.012629181980135,0.5098745250930302,0.5098745250930306,103.9662109443957,0.14526617925536,-0.10462007695134205,0.023940084401442307,0.34046899491640253,-0.035744518703507665,-0.03574451870350182,-0.03574451870349895,3.2401717235574486e-07,3.240171723557177e-07,4.377131130049983,-4.639424490344737,-4.639424490344813,0.040139820888469596,0.040139820888469235,0.08441514649281083,-0.07845840739607111,0.0010904934999077642,0.03259145260117241,-0.03186753250094651,0.00016307658547037184
Ks_dhap_5,-0.013690823645382535,0.009315213650701735,3.3483723967825367e-06,0.004034005101217548,-1.3794509758414293e-08,-0.0990303249053026,0.01268774351436015,0.10128996067298136,-2.7305006762037163,-2.7305006762037194,2.6513279540711183,2.651327954071114,3.352351437137653,24.06768131827227,-0.36029035993454256,-0.36029035993454284,-80.76875971821269,-0.10462007695134205,0.0758841415488046,-0.016921641670359335,-0.2404698980142434,0.026008283570149823,0.026008283570144453,0.026008283570142995,-2.2800185135393973e-07,-2.280018513539285e-07,-9.34299804507747,9.473705001544513,9.473705001544559,-0.0702888229783129,-0.07028882297831265,-0.05841779349055212,0.05420096607572704,-0.0007576743728922051,-0.025520810985417985,0.024911529074835688,-0.0001434760044942992
Kp_g3p_5,-0.034047608324799396,0.030719266938268402,3.239853938089801e-05,0.0029814554295783577,-3.4305245542725353e-08,0.011162902028081002,-0.001509204504444295,-0.011415544936315672,0.39767986580304937,0.39767986580305004,-0.38614886787517416,-0.3861488678751735,-0.49078452036327624,-4.083076019488607,0.08815290632179748,0.08815290632179747,13.637752444991172,0.023940084401442307,-0.016921641670359335,0.004135862091076191,0.05892779601711286,-0.005732675006551944,-0.005732675006551673,-0.005732675006550843,5.658550711176388e-08,5.6585507111754476e-08,-2.9821728846008524,2.9041339744015087,2.9041339744014953,-0.0181455633521722,-0.018145563352172267,0.015312859271532664,-0.01428918962921977,0.00019601731525729698,0.004141225923236116,-0.004074584154152602,1.1293162646812466e-05
kcat_f_6,-0.39697995356875015,0.36104196483047196,0.0003914441276445812,0.03203849275629262,-3.999837485575693e-07,0.15221833547667366,-0.02097159893950236,-0.1556531393481171,5.835043912519942,5.8350439125199465,-5.665852849120608,-5.665852849120594,-7.210550373375991,-58.11423086600298,1.2723820486658528,1.2723820486658524,194.0631483179976,0.34046899491640253,-0.2404698980142434,0.05892779601711286,0.8537747317193939,-0.08237750716553105,-0.08237750716552394,-0.08237750716551102,8.205813620175992e-07,8.205813620174512e-07,-28.171174510126903,27.18462059870504,27.184620598704818,-0.18459330817646025,-0.18459330817646086,0.20233920710549572,-0.19305357881035376,0.0027109586833007,0.06048641341298898,-0.05953083137729468,0.0001645289614807663
Ks_g3p_6,-0.021892634088008463,0.018286126887292198,1.5932922326380058e-05,0.00328806335126021,-2.2058340631803686e-08,-0.03700838836259253,0.004736707942533524,0.03785295708096421,-1.0162292477917139,-1.0162292477917145,0.9867629903848076,0.986762990384806,1.2474986019929495,7.502335252273555,-0.12281099143624478,-0.12281099143624483,-25.151978031905536,-0.035744518703507665,0.026008283570149823,-0.005732675006551944,-0.08237750716553105,0.008998882175038242,0.008998882175036148,0.008998882175035224,-7.800494629370932e-08,-7.800494629370586e-08,-5.755279985230202,5.77658300751428,5.7765830075142945,-0.03989832913766945,-0.03989832913766938,-0.018705396856317273,0.017590290492639753,-0.00025090671937881527,-0.009507191263490571,0.009271833145364266,-5.691528550081028e-05
Ks_pi_6,-0.021892634087882036,0.01828612688718084,1.593292232627078e-05,0.003288063351246556,-2.205834063167629e-08,-0.037008388362597955,0.004736707942534066,0.03785295708096976,-1.0162292477917676,-1.016229247791769,0.9867629903848604,0.9867629903848584,1.2474986019930119,7.502335252241751,-0.12281099143624093,-0.12281099143624097,-25.151978031797668,-0.03574451870350182,0.026008283570144453,-0.005732675006551673,-0.08237750716552394,0.008998882175036148,0.00899888217503406,0.008998882175033135,-7.800494629370402e-08,-7.800494629370057e-08,-5.755279985237578,5.7765830075215865,5.776583007521604,-0.039898329137724904,-0.039898329137724814,-0.018705396856329905,0.017590290492650373,-0.00025090671937896076,-0.009507191263487879,0.009271833145361678,-5.691528550078328e-05
Ks_nad_6,-0.021892634087944993,0.018286126887234133,1.5932922326325282e-05,0.0032880633512552796,-2.2058340631739745e-08,-0.037008388362581246,0.004736707942532097,0.03785295708095266,-1.0162292477913308,-1.016229247791332,0.986762990384436,0.986762990384434,1.2474986019924799,7.5023352523028715,-0.12281099143622715,-0.1228109914362272,-25.151978032005005,-0.03574451870349895,0.026008283570142995,-0.005732675006550843,-0.08237750716551102,0.008998882175035224,0.008998882175033135,0.008998882175032214,-7.800494629369129e-08,-7.800494629368785e-08,-5.75527998522708,5.776583007511176,5.7765830075111895,-0.039898329137651664,-0.03989832913765157,-0.018705396856327723,0.017590290492648594,-0.00025090671937894624,-0.009507191263493827,0.009271833145367416,-5.6915285500840735e-05
Kp_pgp_6,-4.516698813016161e-07,4.0887035107493567e-07,4.3869177892079393e-10,3.82416618448468e-08,-4.550875561743148e-13,1.204982071774025e-07,-1.7020287905970233e-08,-1.2320628490001266e-07,5.084193497249198e-06,5.084193497249201e-06,-4.936773851599357e-06,-4.936773851599344e-06,-6.292300732149587e-06,-5.3764592672060824e-05,1.2230815238359019e-06,1.2230815238359014e-06,0.000179428372427929,3.2401717235574486e-07,-2.2800185135393973e-07,5.658550711176388e-08,8.205813620175992e-07,-7.800494629370932e-08,-7.800494629370402e-08,-7.800494629369129e-08,7.899819618276952e-13,7.899819618275407e-13,-3.701385511848002e-05,3.597870408512733e-05,3.597870408512717e-05,-2.4521502798856086e-07,-2.4521502798856144e-07,1.9494353925723242e-07,-1.8631550317698431e-07,2.6119684016384503e-09,5.3740383929766404e-08,-5.299098799041918e-08,1.0985733601199463e-10
Kp_nadh_6,-4.516698813021277e-07,4.088703510753829e-07,4.386917789213433e-10,3.8241661844903745e-08,-4.550875561748302e-13,1.2049820717738467e-07,-1.702028790596783e-08,-1.2320628489999434e-07,5.0841934972484805e-06,5.084193497248485e-06,-4.936773851598661e-06,-4.936773851598651e-06,-6.292300732148705e-06,-5.37645926720691e-05,1.2230815238356981e-06,1.2230815238356977e-06,0.00017942837242795754,3.240171723557177e-07,-2.280018513539285e-07,5.6585507111754476e-08,8.205813620174512e-07,-7.800494629370586e-08,-7.800494629370057e-08,-7.800494629368785e-08,7.899819618275407e-13,7.89981961827386e-13,-3.7013855118498966e-05,3.597870408514619e-05,3.5978704085145994e-05,-2.4521502798870904e-07,-2.452150279887098e-07,1.9494353925700305e-07,-1.8631550317677483e-07,2.6119684016351586e-09,5.374038392976033e-08,-5.299098799041251e-08,1.0985733601219844e-10
kcat_f_7,13911.467134921271,-12179.801251824018,-11.753500099774381,-1568.9424644914684,0.014016745866620677,1739.3869450451637,-210.9751341398166,-1779.386372921777,35056.68580660803,35056.68580660806,-34040.19343101264,-34040.19343101261,-42651.53852148837,-5687.88190251663,-223.29397798029348,-223.29397798029663,19825.66863843023,4.377131130049983,-9.34299804507747,-2.9821728846008524,-28.171174510126903,-5.755279985230202,-5.755279985237578,-5.75527998522708,-3.701385511848002e-05,-3.7013855118498966e-05,2377495.013183232,-2355699.39276878,-2355699.392768779,18924.944129502812,18924.944129502812,5956.611542671657,-5036.013953151449,68.7835719152963,1331.7079593652493,-1292.1412814006221,10.524528916261774
Ks_pgp_7,-13783.769193206243,12067.987599310258,11.645536964626642,1554.5515891631387,-0.013888081537105228,-1723.4718134338234,209.04721914000262,1763.10518769995,-34738.49301918698,-34738.49301918701,33731.22685920936,33731.22685920934,42264.51883951089,5692.897000611491,220.06010435595863,220.06010435596176,-19834.943903576244,-4.639424490344737,9.473705001544513,2.9041339744015087,27.18462059870504,5.77658300751428,5.7765830075215865,5.776583007511176,3.597870408512733e-05,3.597870408514619e-05,-2355699.39276878,2334104.2711377237,2334104.2711377232,-18751.65906298217,-18751.659062982173,-5902.462388904305,4990.240369682147,-68.15829165577428,-1319.5455438189977,1280.340923690992,-10.428169846952965
Ks_adp_7,-13783.769193206763,12067.987599310714,11.645536964627048,1554.5515891632006,-0.013888081537105757,-1723.4718134338234,209.04721914000254,1763.1051876999493,-34738.49301918698,-34738.493019187,33731.226859209346,33731.22685920933,42264.51883951089,5692.897000611502,220.06010435595826,220.06010435596144,-19834.943903576277,-4.639424490344813,9.473705001544559,2.9041339744014953,27.184620598704818,5.7765830075142945,5.776583007521604,5.7765830075111895,3.597870408512717e-05,3.5978704085145994e-05,-2355699.392768779,2334104.2711377232,2334104.271137723,-18751.659062982173,-18751.659062982173,-5902.462388904304,4990.240369682145,-68.15829165577424,-1319.5455438190427,1280.3409236910352,-10.428169846953388
Ks_3pg_7,108.13311208986406,-94.54477009881518,-0.09089164881373994,-12.316613141981382,0.00010895143723416636,13.959795830068765,-1.6845653198772161,-14.281045766407717,274.709009487326,274.70900948732617,-266.7436354945337,-266.7436354945335,-333.90877862632846,-35.91993942966914,-1.6846080325659851,-1.684608032566012,125.85890954113384,0.040139820888469596,-0.0702888229783129,-0.0181455633521722,-0.18459330817646025,-0.03989832913766945,-0.039898329137724904,-0.039898329137651664,-2.4521502798856086e-07,-2.4521502798870904e-07,18924.944129502812,-18751.65906298217,-18751.659062982173,172.78950373945548,172.78950373945543,78.68439008137346,-65.55950872823539,0.8692491248967308,11.445707213578864,-11.119945426564112,0.08605420079031498
Ks_atp_7,108.1331120898665,-94.5447700988173,-0.09089164881374183,-12.316613141981671,0.00010895143723416885,13.959795830068765,-1.684565319877216,-14.281045766407715,274.70900948732606,274.7090094873261,-266.74363549453363,-266.7436354945335,-333.9087786263284,-35.91993942966907,-1.6846080325659856,-1.6846080325660115,125.85890954113356,0.040139820888469235,-0.07028882297831265,-0.018145563352172267,-0.18459330817646086,-0.03989832913766938,-0.039898329137724814,-0.03989832913765157,-2.4521502798856144e-07,-2.452150279887098e-07,18924.944129502812,-18751.659062982173,-18751.659062982173,172.78950373945543,172.7895037394555,78.6843900813735,-65.55950872823544,0.8692491248967313,11.445707213579055,-11.119945426564293,0.08605420079031678
kcat_f_8,383.46437841954446,-337.31957865070507,-0.35604324680559124,-41.445121040665,0.000386366264615342,4.094948215526093,-0.4853214018933774,-4.18941425253633,73.7275023662828,73.72750236628286,-71.58972345362196,-71.58972345362197,-89.28661225439686,-5.351756182230754,-0.0793993241249243,-0.07939932412493753,18.341476459190996,0.08441514649281083,-0.05841779349055212,0.015312859271532664,0.20233920710549572,-0.018705396856317273,-0.018705396856329905,-0.018705396856327723,1.9494353925723242e-07,1.9494353925700305e-07,5956.611542671657,-5902.462388904305,-5902.462388904304,78.68439008137346,78.6843900813735,116.72068116254276,-99.5584478132851,1.4016366477592122,37.72996066760038,-36.59878196086328,0.3038648282034393
Ks_3pg_8,-347.95751832143617,306.12144397938096,0.3233970973513203,37.57132389075718,-0.0003505907041300396,-3.4324596163068843,0.4071801420962169,3.511632942963601,-62.09362612984924,-62.09362612984927,60.29317934525879,60.2931793452588,75.21295897054462,5.431617813422683,0.03823714244573005,0.03823714244574172,-18.51389575509568,-0.07845840739607111,0.05420096607572704,-0.01428918962921977,-0.19305357881035376,0.017590290492639753,0.017590290492650373,0.017590290492648594,-1.8631550317698431e-07,-1.8631550317677483e-07,-5036.013953151449,4990.240369682147,4990.240369682145,-65.55950872823539,-65.55950872823544,-99.5584478132851,85.14988913418757,-1.2061195909351257,-34.03367214535345,33.01048160307019,-0.27500372524105443
Ks_2pg_8,5.7413505691429485,-5.055173106747283,-0.005390428746452581,-0.6155733041291711,5.784798467939097e-06,0.04590391881094038,-0.0054540713713692335,-0.046962514889079,0.8362335246273401,0.8362335246273412,-0.8119863666593545,-0.8119863666593545,-1.0132529019627108,-0.08467884916366658,-0.00026022504916312886,-0.00026022504916329203,0.28782803366150933,0.0010904934999077642,-0.0007576743728922051,0.00019601731525729698,0.0027109586833007,-0.00025090671937881527,-0.00025090671937896076,-0.00025090671937894624,2.6119684016384503e-09,2.6119684016351586e-09,68.7835719152963,-68.15829165577428,-68.15829165577424,0.8692491248967308,0.8692491248967313,1.4016366477592122,-1.2061195909351257,0.01745443500451885,0.5509236261996624,-0.5342328177703084,0.004496115739020087
kcat_f_9,2447.3691653122924,-2141.1357066584587,-2.125770547745504,-276.8126827435874,0.0024658899308120843,1.1727766964006685,-0.14177134557572327,-1.199758707371235,23.733399620742595,23.733399620742585,-23.045233605350866,-23.045233605350838,-28.861420781282277,-6.040976941883722,-0.059422123060042895,-0.05942212306008299,20.631329853949445,0.03259145260117241,-0.025520810985417985,0.004141225923236116,0.06048641341298898,-0.009507191263490571,-0.009507191263487879,-0.009507191263493827,5.3740383929766404e-08,5.374038392976033e-08,1331.7079593652493,-1319.5455438189977,-1319.5455438190427,11.445707213578864,11.445707213579055,37.72996066760038,-34.03367214535345,0.5509236261996624,245.1838138557719,-236.9317782917936,2.2382285514490237
Ks_2pg_9,-2364.910792527415,2068.9998716685923,2.0542059494012452,267.4811961650996,-0.002382807544109269,-1.137276800736684,0.13747837161901827,1.1634421083762112,-23.01414116374368,-23.01414116374367,22.346830535046344,22.346830535046312,27.986706397716105,5.870147573923139,0.05642215629358342,0.05642215629362219,-20.044752057280007,-0.03186753250094651,0.024911529074835688,-0.004074584154152602,-0.05953083137729468,0.009271833145364266,0.009271833145361678,0.009271833145367416,-5.299098799041918e-08,-5.299098799041251e-08,-1292.1412814006221,1280.340923690992,1280.3409236910352,-11.119945426564112,-11.119945426564293,-36.59878196086328,33.01048160307019,-0.5342328177703084,-236.9317782917936,228.95779047868217,-2.162797746119759
Ks_pep_9,22.496327308005768,-19.679880597469324,-0.01949858775555516,-2.5463823227444884,2.2666571019600113e-05,0.009433837170590672,-0.0011409458999083876,-0.009650866968966882,0.1909536658716681,0.1909536658716679,-0.18541683484158986,-0.1854168348415895,-0.2322273639543895,-0.044227910499184286,-0.0008980079120993148,-0.0008980079120996913,0.15215577937041125,0.00016307658547037184,-0.0001434760044942992,1.1293162646812466e-05,0.0001645289614807663,-5.691528550081028e-05,-5.691528550078328e-05,-5.6915285500840735e-05,1.0985733601199463e-10,1.0985733601219844e-10,10.524528916261774,-10.428169846952965,-10.428169846953388,0.08605420079031498,0.08605420079031678,0.3038648282034393,-0.27500372524105443,0.004496115739020087,2.2382285514490237,-2.162797746119759,0.0204745429670228
